purge quilt;
edit quilt;
add p0 -8100,0 -4050,-2950 -2500,-7700
 0,0 -8100,0;
add p0 -5601,7700 -8101,0 -1,0
 -1551,4800 -5601,7700;
add p0 -8108,2 -10608,-7698 -2508,-7698
 -4058,-2898 -8108,2;
add p0 -10665,7739 -5654,7733.87 -1608,4802
 -4112,12501 -10665,7739;
add p0 6603,-4760 5060,7.07 6598,4760
 50,1 6603,-4760;
add p0 -2503,-7703 1554,-4763 6550,-4757
 0,0 -2503,-7703;
add p0 -8112,-15402 -6558,-10639 -2520,-7697
 -10616,-7699 -8112,-15402;
add p0 -2487,-7727 4063,-12485 6566,-4781
 1521.99,-4772 -2487,-7727;
add p0 -8009,-9078 -5506,-16777 1047,-12016
 -3028,-9043.94 -8009,-9078;
add p0 -13352,-6690 -11809,-11458.1 -13347,-16211
 -6799,-11452 -13352,-6690;
add p0 -8063,7524 -12121,4584 -16777,4578
 -10567,-179 -8063,7524;
add p0 11951,8373 7901,11323 6351,16073
 3851,8373 11951,8373;
add p0 -2503,7698 0,0 6553,4761
 2477,7733 -2503,7698;
add p0 15974,2124 10963,2130.13 6917,5061
 9421,-2637 15974,2124;
add p0 16722,-7922 11760,-8613 7345.48,-6273
 10896,-13549 16722,-7922;
save;
exit;

