PURGE theory;
EDIT theory;
SHOW #E;
LOCK 0;
LEVEL 1;
GRID :C3 0.1 0.1 1 1 0 0;
WIN -100,-100 100,100;
ADD N11 :F2 "CMRR =" 9.6,-33.2;
ADD L11  56.2,-35 55.6,-35.4 55.4,-36.2 55.6,-37.2 55.6,-37.6 55,-37.8
 54.6,-37.6 54.6,-37 54.8,-36.6 55.4,-36.6;
ADD L11  53.2,-36.2 53.2,-37.8;
ADD L11  52,-36 52,-37.8;
ADD L11  51.4,-36.4 51.4,-36.2 52,-36 53,-36 53.8,-35.8 53.8,-35.6;
ADD L11  25,-33.8 61,-33.8;
ADD N11 :F2 "2Zd0u+4jZd1utan(2   F)" 25,-37.8;
ADD N11 :F2 "Zd0" 37,-31.8;
ADD N12 :F2 "Notch is at lambda/4" 13,-46.4;
ADD N12 :F2 "for Zd1u box mode." 13.2,-50;
ADD L12  64,-51.6 66.4,-51;
ADD L12  47.1,-49.2 66.2,-51 64.2,-49.8;
ADD N14 :F2 "Return Loss" 50.5,-4.5;
ADD L24  1.4,-25 2.096,-21.56 2.793,-19.16 3.489,-17.33 4.186,-15.89 4.882,-14.7
 5.579,-13.71 6.275,-12.87 6.972,-12.15 7.668,-11.53 8.365,-10.99 9.061,-10.52 9.758,-10.1
 10.454,-9.733 11.151,-9.408 11.847,-9.118 12.544,-8.86 13.24,-8.629 13.937,-8.421 14.63,-8.234
 15.33,-8.065 16.03,-7.912 16.716,-7.774 17.416,-7.647 18.116,-7.532 18.816,-7.427 19.502,-7.331
 20.202,-7.243 20.902,-7.162 21.602,-7.087 22.288,-7.018 22.988,-6.954 23.688,-6.895 24.388,-6.841
 25.074,-6.79 25.774,-6.743 26.474,-6.699 27.174,-6.658 27.86,-6.62 28.56,-6.584 29.26,-6.551
 29.96,-6.52 30.646,-6.491 31.346,-6.463 32.046,-6.437 32.746,-6.413 33.432,-6.39 34.132,-6.368
 34.832,-6.348 35.532,-6.329 36.218,-6.311 36.918,-6.294 37.618,-6.278 38.318,-6.262 39.004,-6.248
 39.704,-6.234 40.404,-6.221 41.104,-6.209 41.79,-6.197 42.49,-6.186 43.19,-6.176 43.89,-6.166
 44.576,-6.156 45.276,-6.147 45.976,-6.139 46.676,-6.131 47.362,-6.123 48.062,-6.116 48.762,-6.109
 49.462,-6.102 50.148,-6.096 50.848,-6.09 51.548,-6.085 52.248,-6.08 52.934,-6.075 53.634,-6.07
 54.334,-6.065 55.034,-6.061 55.72,-6.057 56.42,-6.054 57.12,-6.05 57.82,-6.047 58.506,-6.044
 59.206,-6.041 59.906,-6.038 60.606,-6.036 61.292,-6.034 61.992,-6.032 62.692,-6.03 63.392,-6.028
 64.078,-6.027 64.778,-6.025 65.478,-6.024 66.178,-6.023 66.864,-6.022 67.564,-6.022 68.264,-6.021
 68.964,-6.021 69.65,-6.021 70.35,-6.021 71.05,-6.021 71.75,-6.021 72.436,-6.022 73.136,-6.022
 73.836,-6.023 74.536,-6.024 75.222,-6.025 75.922,-6.027 76.622,-6.028 77.322,-6.03 78.008,-6.032
 78.708,-6.034 79.408,-6.036 80.108,-6.038 80.794,-6.041 81.494,-6.044 82.194,-6.047 82.894,-6.05
 83.58,-6.054 84.28,-6.057 84.98,-6.061 85.68,-6.065 86.366,-6.07 87.066,-6.075 87.766,-6.08
 88.466,-6.085 89.152,-6.09 89.852,-6.096 90.552,-6.103 91.252,-6.109 91.938,-6.116 92.638,-6.123
 93.338,-6.131 94.038,-6.139 94.724,-6.147 95.424,-6.156 96.124,-6.166 96.824,-6.176 97.51,-6.186
 98.21,-6.197 98.91,-6.209 99.61,-6.221 100.296,-6.234 100.996,-6.248 101.696,-6.263 102.396,-6.278
 103.082,-6.294 103.782,-6.311 104.482,-6.329 105.182,-6.348 105.868,-6.369 106.568,-6.39 107.268,-6.413
 107.968,-6.437 108.654,-6.463 109.354,-6.491;
ADD N11 :R90 :F2 "Magnitude in dB" -12,-38;
ADD N1 :F2 "+10" -8,8;
ADD N1 :F2 "-60" -8,-60;
ADD N1 :F2 "-50" -8,-52;
ADD N1 :F2 "-40" -8,-42;
ADD N1 :F2 "-30" -8,-32;
ADD N1 :F2 "-20" -8,-22;
ADD N1 :F2 "-10" -8,-12;
ADD N1 :F2 "0" -6,-2;
ADD N11 :F2 "Frequency in GHz" 40,-68;
ADD N11 :F2 "0" 0,-64;
ADD N11 :F2 "8" 110,-64;
ADD N11 :F2 "7" 98,-64;
ADD N11 :F2 "6" 84,-64;
ADD N11 :F2 "5" 70,-64;
ADD N11 :F2 "4" 56,-64;
ADD N11 :F2 "3" 42,-64;
ADD N11 :F2 "2" 28,-64;
ADD N11 :F2 "1" 14,-64;
ADD L11  98,-58 98,-60;
ADD L11  84,-58 84,-60;
ADD L11  70,-58 70,-60;
ADD L11  56,-58 56,-60;
ADD L11  42,-58 42,-60;
ADD L11  28,-58 28,-60;
ADD L11  14,-58 14,-60;
ADD L11  0,-50 2,-50;
ADD L11  0,-40 2,-40;
ADD L11  0,-30 2,-30;
ADD L11  0,-20 2,-20;
ADD L11  0,-10 2,-10;
ADD L11  0,0 2,0;
ADD N13 :F2 "Differential Mode Response" 50,2.5;
ADD N12 :F2 "Common Mode Rejection" 50,-14.5;
ADD L12  1.4,-0.055 2.096,-0.123 2.793,-0.216 3.489,-0.333 4.186,-0.473 4.882,-0.633
 5.579,-0.811 6.275,-1.005 6.972,-1.214 7.668,-1.435 8.365,-1.666 9.061,-1.906 9.758,-2.153
 10.454,-2.406 11.151,-2.664 11.847,-2.925 12.544,-3.188 13.24,-3.454 13.937,-3.72 14.63,-3.987
 15.33,-4.254 16.03,-4.521 16.716,-4.787 17.416,-5.053 18.116,-5.317 18.816,-5.58 19.502,-5.842
 20.202,-6.103 20.902,-6.363 21.602,-6.621 22.288,-6.878 22.988,-7.134 23.688,-7.388 24.388,-7.642
 25.074,-7.894 25.774,-8.146 26.474,-8.397 27.174,-8.647 27.86,-8.896 28.56,-9.145 29.26,-9.394
 29.96,-9.642 30.646,-9.89 31.346,-10.14 32.046,-10.39 32.746,-10.64 33.432,-10.89 34.132,-11.14
 34.832,-11.39 35.532,-11.64 36.218,-11.89 36.918,-12.15 37.618,-12.41 38.318,-12.66 39.004,-12.93
 39.704,-13.19 40.404,-13.45 41.104,-13.72 41.79,-13.99 42.49,-14.27 43.19,-14.55 43.89,-14.83
 44.576,-15.12 45.276,-15.41 45.976,-15.71 46.676,-16.01 47.362,-16.32 48.062,-16.63 48.762,-16.96
 49.462,-17.29 50.148,-17.63 50.848,-17.97 51.548,-18.33 52.248,-18.7 52.934,-19.08 53.634,-19.47
 54.334,-19.88 55.034,-20.31 55.72,-20.75 56.42,-21.21 57.12,-21.69 57.82,-22.2 58.506,-22.73
 59.206,-23.29 59.906,-23.89 60.606,-24.53 61.292,-25.21 61.992,-25.95 62.692,-26.76 63.392,-27.64
 64.078,-28.62 64.778,-29.72 65.478,-30.97 66.178,-32.43 66.864,-34.18 67.564,-36.37 68.264,-39.3
 68.964,-43.75 69.65,-53.36 70.35,-53.18 71.05,-43.69 71.75,-39.27 72.436,-36.35 73.136,-34.16
 73.836,-32.41 74.536,-30.96 75.222,-29.71 75.922,-28.61 76.622,-27.63 77.322,-26.75 78.008,-25.95
 78.708,-25.21 79.408,-24.52 80.108,-23.88 80.794,-23.29 81.494,-22.72 82.194,-22.19 82.894,-21.68
 83.58,-21.2 84.28,-20.74 84.98,-20.3 85.68,-19.88 86.366,-19.47 87.066,-19.08 87.766,-18.7
 88.466,-18.33 89.152,-17.97 89.852,-17.62 90.552,-17.28 91.252,-16.95 91.938,-16.63 92.638,-16.32
 93.338,-16.01 94.038,-15.7 94.724,-15.41 95.424,-15.11 96.124,-14.83 96.824,-14.54 97.51,-14.27
 98.21,-13.99 98.91,-13.72 99.61,-13.45 100.296,-13.19 100.996,-12.92 101.696,-12.66 102.396,-12.4
 103.082,-12.15 103.782,-11.89 104.482,-11.64 105.182,-11.39 105.868,-11.13 106.568,-10.88 107.268,-10.63
 107.968,-10.38 108.654,-10.14 109.354,-9.888;
ADD L13  0,0 110,0;
ADD R11 0,-60 110,10;
SAVE;
EXIT;

PURGE spice;
EDIT spice;
SHOW #E;
LOCK 0;
LEVEL 1;
GRID :C3 0.05 0.05 2 2 0 0;
WIN -100,-100 100,100;
ADD L11  3.75,0.7 5.1,0.7;
ADD L11  3.75,-1.5 5.1,-1.5;
ADD L11  3.65,0.4 4.15,0.2 4.15,-1 3.65,-1.2;
ADD L11  3.75,-0.4 4.15,-0.4;
ADD L11  0.25,0.7 1,0.7;
ADD L11  0.25,-1.5 1,-1.5;
ADD L11  1,-0.4 0.55,-0.4 0.55,-0.9;
ADD L11  3.6,-0.7 3.6,-1;
ADD L11  0.55,-0.7 0.95,-0.7;
ADD L11  5.05,0.4 4.6,0.2 4.6,-1 5.05,-1.2;
ADD L11  4.6,-0.4 5.1,-0.4;
ADD L11  7.85,0.7 8.6,0.7;
ADD L11  7.85,-1.5 8.6,-1.5;
ADD L11  5.25,-0.7 5.25,-0.9;
ADD L11  7.85,-0.4 8.15,-0.4 8.15,-0.9;
ADD L11  7.75,-0.7 8.15,-0.7;
ADD L11  7.75,0.35 7.75,0.2;
ADD L11  7.75,-1.85 7.75,-2;
ADD L11  1.1,0.4 1.1,0.15;
ADD L11  1,-1.8 1.05,-1.85 1.05,-2;
ADD L11  1.2,0 1.3,0.2;
ADD L11  1,0 1.1,0.2;
ADD L11  0.8,0 0.9,0.2;
ADD L11  0.9,0.2 1.3,0.2;
ADD L11  0.65,-1.1 0.75,-0.9;
ADD L11  0.45,-1.1 0.55,-0.9;
ADD L11  0.25,-1.1 0.35,-0.9;
ADD L11  0.35,-0.9 0.75,-0.9;
ADD L11  3.7,-1.1 3.8,-0.9;
ADD L11  3.5,-1.1 3.6,-0.9;
ADD L11  3.3,-1.1 3.4,-0.9;
ADD L11  3.4,-0.9 3.8,-0.9;
ADD L11  1.15,-2.2 1.25,-2;
ADD L11  0.95,-2.2 1.05,-2;
ADD L11  0.75,-2.2 0.85,-2;
ADD L11  0.85,-2 1.25,-2;
ADD L11  5.35,-1.1 5.45,-0.9;
ADD L11  5.15,-1.1 5.25,-0.9;
ADD L11  4.95,-1.1 5.05,-0.9;
ADD L11  5.05,-0.9 5.45,-0.9;
ADD L11  7.85,-2.2 7.95,-2;
ADD L11  7.65,-2.2 7.75,-2;
ADD L11  7.45,-2.2 7.55,-2;
ADD L11  7.55,-2 7.95,-2;
ADD L11  8.3,-1.15 8.4,-0.95;
ADD L11  8.1,-1.15 8.2,-0.95;
ADD L11  7.9,-1.15 8,-0.95;
ADD L11  8,-0.95 8.4,-0.95;
ADD L11  7.85,0 7.95,0.2;
ADD L11  7.65,0 7.75,0.2;
ADD L11  7.45,0 7.55,0.2;
ADD L11  7.55,0.2 7.95,0.2;
ADD N11 :F0.25 "Zd0" 2,0.6;
ADD N11 :F0.25 "Zd0" 2.05,-1.6;
ADD N11 :F0.25 "Zd0" 6.15,0.6;
ADD N11 :F0.25 "Zd0" 6.25,-1.6;
ADD N11 :F0.25 "Zd1" 2.05,-0.5;
ADD N11 :F0.25 "Zd1" 6.2,-0.5;
ADD C11 :R8 0.15,0.7 0.25,0.7;
ADD C11 :R8 0.15,-1.5 0.25,-1.5;
ADD C11 :R8 8.75,0.7 8.85,0.7;
ADD C11 :R8 8.75,-1.5 8.85,-1.5;
ADD L11  5.15,-1.2 7.75,-1.2 7.85,-1.4 7.85,-1.6 7.75,-1.8 5.15,-1.8;
ADD L11  5.05,-1.2 5.15,-1.2 5.25,-1.4 5.25,-1.6 5.15,-1.8 5.05,-1.8
 4.95,-1.6 4.95,-1.4 5.05,-1.2;
ADD L11  5.15,-0.1 7.75,-0.1 7.85,-0.3 7.85,-0.5 7.75,-0.7 5.15,-0.7;
ADD L11  5.05,-0.1 5.15,-0.1 5.25,-0.3 5.25,-0.5 5.15,-0.7 5.05,-0.7
 4.95,-0.5 4.95,-0.3 5.05,-0.1;
ADD L11  5.15,1 7.75,1 7.85,0.8 7.85,0.6 7.75,0.4 5.15,0.4;
ADD L11  5.05,1 5.15,1 5.25,0.8 5.25,0.6 5.15,0.4 5.05,0.4
 4.95,0.6 4.95,0.8 5.05,1;
ADD L11  0.95,-1.2 1.05,-1.2 1.15,-1.4 1.15,-1.6 1.05,-1.8 0.95,-1.8
 0.85,-1.6 0.85,-1.4 0.95,-1.2;
ADD L11  1.05,-1.2 3.65,-1.2 3.75,-1.4 3.75,-1.6 3.65,-1.8 1.05,-1.8;
ADD L11  0.95,-0.1 1.05,-0.1 1.15,-0.3 1.15,-0.5 1.05,-0.7 0.95,-0.7
 0.85,-0.5 0.85,-0.3 0.95,-0.1;
ADD L11  1.05,-0.1 3.65,-0.1 3.75,-0.3 3.75,-0.5 3.65,-0.7 1.05,-0.7;
ADD L11  0.95,1 1.05,1 1.15,0.8 1.15,0.6 1.05,0.4 0.95,0.4
 0.85,0.6 0.85,0.8 0.95,1;
ADD L11  1.05,1 3.65,1 3.75,0.8 3.75,0.6 3.65,0.4 1.05,0.4;
SAVE;
EXIT;

PURGE PREBAL;
EDIT PREBAL;
SHOW #E;
LOCK 0;
LEVEL 1;
GRID :C3 0.03 0.03 1 1 0 0;
WIN -100,-100 100,100;
ADD L21  2.85,-1.45 2.85,-1.5;
ADD L21  2.875,-1.825 3,-2.375 3.25,-2.75 3.5,-3 3.625,-3;
ADD L21  3.625,0 3.5,0 3.25,-0.25 3,-0.625 2.875,-1.125;
ADD L11  -0.15,-1.4 -0.15,-1.55;
ADD L11  -0.1,-1.9 0,-2.375 0.25,-2.75 0.5,-3 0.75,-3 1,-2.75
 1.25,-2.375 1.375,-1.75 1.375,-1.25 1.25,-0.625 1,-0.25 0.75,0 0.625,0;
ADD L11  0.625,0 0.5,0 0.25,-0.25 0,-0.625 -0.125,-1;
ADD N11 :F0.3 "out" 4.75,-1.55;
ADD N11 :F0.3 "in" -1.3,-1.55;
ADD N11 :F0.3 "Zd0" -1,-0.1;
ADD N11 :F0.3 "Zd1" 1.85,-0.75;
ADD C11 :R8 5.5,-2.45 5.55,-2.45;
ADD C11 :R8 5.5,-0.5 5.55,-0.5;
ADD C11 :R8 -1.15,-2.45 -1.1,-2.45;
ADD C11 :R8 -1.2,-0.5 -1.15,-0.5;
ADD L11  5.25,-2.45 5.45,-2.45;
ADD L11  5.25,-0.5 5.45,-0.5;
ADD L11  -1.1,-2.45 -0.925,-2.45;
ADD L11  -1.15,-0.5 -0.95,-0.5;
ADD L11  2.25,-1.15 2.3,-1.15 2.35,-1.25 2.35,-1.35 2.3,-1.45 2.25,-1.45
 2.2,-1.35 2.2,-1.25 2.25,-1.15;
ADD L11  2.25,-1.5 2.3,-1.5 2.35,-1.6 2.35,-1.7 2.3,-1.8 2.25,-1.8
 2.2,-1.7 2.2,-1.6 2.25,-1.5;
ADD L1  2.3,-1.15 3.65,-1.15;
ADD L1  2.3,-1.45 3.65,-1.45;
ADD L1  2.3,-1.5 3.65,-1.5;
ADD L1  2.3,-1.8 3.65,-1.8;
ADD L1  3.6,-1.15 3.65,-1.15 3.7,-1.25 3.7,-1.35 3.65,-1.45 3.6,-1.45;
ADD L1  3.6,-1.5 3.65,-1.5 3.7,-1.6 3.7,-1.7 3.65,-1.8 3.6,-1.8;
ADD L11  5.2,-2.3 5.25,-2.4 5.25,-2.5 5.2,-2.6;
ADD L11  5.2,-0.35 5.25,-0.45 5.25,-0.55 5.2,-0.65;
ADD L11  -0.95,-0.35 -0.9,-0.35 -0.85,-0.45 -0.85,-0.55 -0.9,-0.65 -0.95,-0.65
 -1,-0.55 -1,-0.45 -0.95,-0.35;
ADD L1  -0.95,-0.647 -0.824,-0.647 -0.737,-0.679 -0.611,-0.797 -0.43,-1.145 -0.162,-1.389
 0.121,-1.453 0.547,-1.453;
ADD L1  0.547,-1.153 0.153,-1.153 -0.036,-1.113 -0.194,-0.947 -0.383,-0.615 -0.572,-0.426
 -0.769,-0.347 -0.95,-0.347;
ADD L11  -0.95,-2.6 -0.9,-2.6 -0.85,-2.5 -0.85,-2.4 -0.9,-2.3 -0.95,-2.3
 -1,-2.4 -1,-2.5 -0.95,-2.6;
ADD L1  -0.95,-2.303 -0.824,-2.303 -0.737,-2.271 -0.611,-2.153 -0.43,-1.805 -0.162,-1.561
 0.121,-1.497 0.547,-1.497;
ADD L1  0.547,-1.797 0.153,-1.797 -0.036,-1.837 -0.194,-2.003 -0.383,-2.335 -0.572,-2.524
 -0.769,-2.603 -0.95,-2.603;
ADD L1  5.2,-0.647 5.074,-0.647 4.987,-0.679 4.861,-0.797 4.68,-1.145 4.412,-1.389
 4.129,-1.453 3.703,-1.453;
ADD L1  3.703,-1.153 4.097,-1.153 4.286,-1.113 4.444,-0.947 4.633,-0.615 4.822,-0.426
 5.019,-0.347 5.2,-0.347;
ADD L1  5.2,-2.303 5.074,-2.303 4.987,-2.271 4.861,-2.153 4.68,-1.805 4.412,-1.561
 4.129,-1.497 3.703,-1.497;
ADD L1  3.703,-1.797 4.097,-1.797 4.286,-1.837 4.444,-2.003 4.633,-2.335 4.822,-2.524
 5.019,-2.603 5.2,-2.603;
ADD L11  0.55,-1.15 0.6,-1.15 0.65,-1.25 0.65,-1.35 0.6,-1.45 0.55,-1.45
 0.5,-1.35 0.5,-1.25 0.55,-1.15;
ADD L11  0.55,-1.5 0.6,-1.5 0.65,-1.6 0.65,-1.7 0.6,-1.8 0.55,-1.8
 0.5,-1.7 0.5,-1.6 0.55,-1.5;
ADD L1  0.6,-1.15 1.95,-1.15;
ADD L1  0.6,-1.45 1.95,-1.45;
ADD L1  0.6,-1.5 1.95,-1.5;
ADD L1  0.6,-1.8 1.95,-1.8;
ADD L1  1.95,-1.15 2,-1.15 2.05,-1.25 2.05,-1.35 2,-1.45 1.95,-1.45;
ADD L1  1.95,-1.5 2,-1.5 2.05,-1.6 2.05,-1.7 2,-1.8 1.95,-1.8;
ADD L11  3.6,0 3.725,0 3.975,-0.25 4.225,-0.625 4.35,-1.25 4.35,-1.75
 4.225,-2.375 3.975,-2.75 3.725,-3 3.6,-3;
ADD L11  0.725,0 3.475,0;
ADD L11  0.725,-3 3.475,-3;
ADD L11  2.05,-1.3 2.25,-1.3;
ADD L11  2.05,-1.65 2.3,-1.65;
ADD L21  3.6,-1.85 3.6,-3;
ADD L21  3.6,0 3.6,-1.15;
ADD L21  0.6,-1.8 0.6,-3;
ADD L21  0.6,0 0.6,-1.15;
SAVE;
EXIT;

PURGE BALBAL2;
EDIT BALBAL2;
SHOW #E;
LOCK 0;
LEVEL 1;
GRID :C3 0 0 10 10 0 0;
WIN -36.05,-0.05 0.05,24.05;
ADD T1 :R90 :F0.7 "Advantages of the BALBAL:" -31.4,2;
ADD T1 :R90 :F0.5 "Very small discontinuity for differential signals," -30.4,4.5;
ADD T1 :R90 :F0.5 "therefore wide bandwidth." -29.8,4.5;
ADD T1 :R90 :F0.5 "Can be implemented with Hybrids, PC-Boards or Coax." -28.9,4.5;
ADD T1 :R90 :F0.5 "No active devices required." -27.9,4.5;
ADD T1 :R90 :F0.5 "DC Coupled." -26.9,4.5;
ADD C1 :R8 -30.5,4 -30.4,4;
ADD C1 :R8 -29.1,4 -29,4;
ADD C1 :R8 -28.1,4 -28,4;
ADD C1 :R8 -27.1,4 -27,4;
ADD T1 :R90 :F0.5 "HPL, Instrument and Photonics Lab, High Speed Electronics Department" -0.95,1.35;
ADD T1 :R90 :F1 "jcThe Balbal:" -34,11;
ADD T1 :R90 :F0.7 "Theory:" -25.25,2;
ADD T1 :R90 :F0.7 "(Almost BALanced in, BALanced out)" -33,3.8;
ADD L4 :W0.1  -32.5,1.5 -32.5,22.5;
ADD L4 :W0.1  -26.3,1.4 -26.3,22.4;
ADD L4 :W0.1  -7.75,1.5 -7.75,22.5;
ADD L4 :W0.1  -2,1.5 -2,22.5;
ADD T1 :R90 :F0.5 "HPL HP3X Output Driver" -3,3.75;
ADD T1 :R90 :F0.5 "BID 3 GHz Pulse Generator" -4,3.75;
ADD T1 :R90 :F0.5 "QTD 3 GB/s Bit Error Rate Tester" -5,3.75;
ADD T1 :R90 :F0.7 "Potential Applications:" -6.25,1.75;
ADD theory :R90 :X0.1 -16.75,6.5;
ADD spice :R90 -22.2,11.7;
ADD PREBAL :R90 -23,4.5;
ADD T1 :R90 :F0.5 "SPICE Model" -19,14;
ADD T1 :R90 :F0.5 "Coaxial Implementation" -19,4;
ADD L1 :W0.1  -35.75,0 0,0 0,24 -36,24 -36,0.4;
ADD L1 :W0.1  -36,0.45 -36,0 -35.75,0;
SAVE;
EXIT;

